4 0.10703125 0.10625 0.2140625 0.2125
2 0.37265625 0.1078125 0.21953125 0.20859375
3 0.3703125 0.37890625 0.20859375 0.2453125
3 0.6265625 0.3828125 0.22109375 0.2578125
3 0.88515625 0.375 0.1984375 0.2203125
3 0.90078125 0.11484375 0.19765625 0.2296875
1 0.64765625 0.1 0.21640625 0.2
0 0.89453125 0.63515625 0.1953125 0.22265625
4 0.64453125 0.64609375 0.2234375 0.22890625
4 0.3828125 0.63359375 0.21171875 0.2421875
0 0.10703125 0.65546875 0.2140625 0.2328125
0 0.12421875 0.8984375 0.19609375 0.203125
3 0.359375 0.89453125 0.19453125 0.2109375
3 0.65 0.89453125 0.21484375 0.2109375
1 0.89921875 0.88828125 0.2015625 0.1828125