4 0.12578125 0.12265625 0.2078125 0.20703125
2 0.378125 0.12578125 0.2078125 0.19765625
3 0.37578125 0.3828125 0.19765625 0.23203125
3 0.61875 0.3859375 0.209375 0.24453125
3 0.86328125 0.37890625 0.18828125 0.20859375
3 0.878125 0.1328125 0.1875 0.21796875
1 0.6390625 0.11484375 0.20390625 0.19609375
0 0.871875 0.62421875 0.18515625 0.2109375
4 0.63515625 0.63515625 0.21171875 0.2171875
4 0.3875 0.6234375 0.20078125 0.22890625
0 0.1265625 0.64453125 0.20546875 0.2203125
0 0.14375 0.88515625 0.18671875 0.2109375
3 0.36640625 0.88125 0.18515625 0.21875
3 0.64140625 0.88125 0.203125 0.21875
1 0.87734375 0.865625 0.190625 0.17265625