4 0.096875 0.0984375 0.19375 0.196875
2 0.35078125 0.09765625 0.2171875 0.1953125
3 0.3484375 0.3625 0.20703125 0.24296875
3 0.603125 0.36640625 0.21953125 0.25546875
3 0.85859375 0.35859375 0.196875 0.21875
3 0.87421875 0.10703125 0.19609375 0.2140625
1 0.6234375 0.0921875 0.2140625 0.184375
0 0.86796875 0.615625 0.19375 0.22109375
4 0.6203125 0.6265625 0.22109375 0.2265625
4 0.3609375 0.6140625 0.21015625 0.23984375
0 0.096875 0.6359375 0.19375 0.23125
0 0.10625 0.88828125 0.1953125 0.22109375
3 0.3390625 0.88359375 0.19296875 0.22890625
3 0.6265625 0.88359375 0.2125 0.22890625
1 0.8734375 0.86796875 0.19921875 0.18046875