2 0.36796875 0.2453125 0.1078125 0.2609375
0 0.49921875 0.24375 0.1125 0.23984375
0 0.23828125 0.88125 0.1140625 0.2375
0 0.93203125 0.90078125 0.13046875 0.1984375
2 0.93671875 0.55234375 0.1265625 0.2796875
2 0.3703125 0.5625 0.0875 0.25859375
2 0.2453125 0.5453125 0.11875 0.26875
4 0.78359375 0.8734375 0.1546875 0.25234375
4 0.1125 0.8671875 0.09453125 0.26484375
4 0.92421875 0.23203125 0.1515625 0.2890625
1 0.5046875 0.5640625 0.1171875 0.29296875
1 0.49375 0.878125 0.109375 0.24375
1 0.1203125 0.26328125 0.09453125 0.234375
4 0.36484375 0.8765625 0.1171875 0.246875
1 0.63828125 0.56953125 0.10703125 0.253125
1 0.625 0.8609375 0.12734375 0.27734375
4 0.634375 0.2390625 0.13125 0.26875
1 0.77734375 0.23046875 0.1265625 0.2765625