2 0.30703125 0.2921875 0.1 0.24140625
0 0.42890625 0.29140625 0.10390625 0.221875
0 0.18671875 0.88515625 0.1046875 0.2296875
0 0.8296875 0.903125 0.1203125 0.19375
0 0.9578125 0.89375 0.084375 0.2125
2 0.834375 0.57734375 0.11640625 0.25859375
2 0.9515625 0.25 0.096875 0.2875
2 0.309375 0.58515625 0.08125 0.2390625
2 0.19375 0.56953125 0.11015625 0.2484375
4 0.6921875 0.878125 0.14375 0.24375
4 0.0703125 0.871875 0.0875 0.25625
4 0.82421875 0.28125 0.140625 0.2671875
1 0.434375 0.58671875 0.10859375 0.2703125
1 0.4234375 0.8828125 0.1015625 0.234375
1 0.07734375 0.30859375 0.0875 0.21640625
2 0.95234375 0.58046875 0.0953125 0.2734375
4 0.30390625 0.88125 0.1078125 0.2375
1 0.5578125 0.59140625 0.09921875 0.234375
1 0.5453125 0.86640625 0.11796875 0.26640625
4 0.55390625 0.28671875 0.12109375 0.24765625
1 0.6859375 0.27890625 0.1171875 0.25546875