2 0.3296875 0.2828125 0.0953125 0.2296875
0 0.4453125 0.28125 0.09921875 0.21171875
0 0.215625 0.85703125 0.1 0.234375
0 0.828125 0.8859375 0.11484375 0.228125
0 0.9546875 0.87421875 0.08984375 0.2359375
2 0.83203125 0.5546875 0.1109375 0.24609375
2 0.94921875 0.24375 0.10078125 0.275
2 0.33125 0.56171875 0.07734375 0.22734375
2 0.221875 0.546875 0.1046875 0.23671875
4 0.696875 0.85703125 0.1359375 0.2625
4 0.1046875 0.8453125 0.08359375 0.26171875
4 0.821875 0.27265625 0.13359375 0.2546875
1 0.45078125 0.56328125 0.103125 0.2578125
1 0.440625 0.86328125 0.096875 0.25859375
1 0.1109375 0.2984375 0.0828125 0.20625
2 0.95 0.559375 0.09921875 0.2609375
4 0.3265625 0.85390625 0.10234375 0.24453125
1 0.56796875 0.56796875 0.09453125 0.2234375
1 0.55703125 0.84609375 0.1125 0.28515625
4 0.56484375 0.27734375 0.115625 0.2359375
1 0.690625 0.26953125 0.11171875 0.24296875